100706
215199
898926
542213
327530
513875
556478
939539
378143
404695
306603
89121
714900
910941
228308
937392
834622
235597
178640
60273
318570
653079
606187
278707
275950
794909
215797
842308
372057
256555
762354
147978
796665
758126
863580
435933
98939
871499
706378
464956
715181
954325
593224
33687
624155
735755
489634
411494
456648
184290
941117
372013
599858
700186
723804
105261
66301
715810
540606
110290
79962
70366
466991
35141
687993
594989
793521
891007
178157
608949
566152
89015
169033
280039
638800
568540
152223
573676
756008
358388
723112
103349
527007
639358
245094
647153
910200
507209
251205
876185
693056
285204
149849
815901
242273
346914
327580
985
162358
137148
