
Sorted List of Numbers using Bubble Sort:
985
33687
35141
60273
66301
70366
79962
89015
89121
98939
100706
103349
105261
110290
137148
147978
149849
152223
162358
169033
178157
178640
184290
215199
215797
228308
235597
242273
245094
251205
256555
275950
278707
280039
285204
306603
318570
327530
327580
346914
358388
372013
372057
378143
404695
411494
435933
456648
464956
466991
489634
507209
513875
527007
540606
542213
556478
566152
568540
573676
593224
594989
599858
606187
608949
624155
638800
639358
647153
653079
687993
693056
700186
706378
714900
715181
715810
723112
723804
735755
756008
758126
762354
793521
794909
796665
815901
834622
842308
863580
871499
876185
891007
898926
910200
910941
937392
939539
941117
954325
0.0018198490142822266 seconds
Sorted List of Numbers using Heap Sort:
985
33687
35141
60273
66301
70366
79962
89015
89121
98939
100706
103349
105261
110290
137148
147978
149849
152223
162358
169033
178157
178640
184290
215199
215797
228308
235597
242273
245094
251205
256555
275950
278707
280039
285204
306603
318570
327530
327580
346914
358388
372013
372057
378143
404695
411494
435933
456648
464956
466991
489634
507209
513875
527007
540606
542213
556478
566152
568540
573676
593224
594989
599858
606187
608949
624155
638800
639358
647153
653079
687993
693056
700186
706378
714900
715181
715810
723112
723804
735755
756008
758126
762354
793521
794909
796665
815901
834622
842308
863580
871499
876185
891007
898926
910200
910941
937392
939539
941117
954325
0.0003399848937988281 seconds
Sorted List of Numbers using Insertion Sort:
985
33687
35141
60273
66301
70366
79962
89015
89121
98939
100706
103349
105261
110290
137148
147978
149849
152223
162358
169033
178157
178640
184290
215199
215797
228308
235597
242273
245094
251205
256555
275950
278707
280039
285204
306603
318570
327530
327580
346914
358388
372013
372057
378143
404695
411494
435933
456648
464956
466991
489634
507209
513875
527007
540606
542213
556478
566152
568540
573676
593224
594989
599858
606187
608949
624155
638800
639358
647153
653079
687993
693056
700186
706378
714900
715181
715810
723112
723804
735755
756008
758126
762354
793521
794909
796665
815901
834622
842308
863580
871499
876185
891007
898926
910200
910941
937392
939539
941117
954325
1.0967254638671875e-05 seconds
Sorted List of Numbers using Merge Sort:
985
33687
35141
60273
66301
70366
79962
89015
89121
98939
100706
103349
105261
110290
137148
147978
149849
152223
162358
169033
178157
178640
184290
215199
215797
228308
235597
242273
245094
251205
256555
275950
278707
280039
285204
306603
318570
327530
327580
346914
358388
372013
372057
378143
404695
411494
435933
456648
464956
466991
489634
507209
513875
527007
540606
542213
556478
566152
568540
573676
593224
594989
599858
606187
608949
624155
638800
639358
647153
653079
687993
693056
700186
706378
714900
715181
715810
723112
723804
735755
756008
758126
762354
793521
794909
796665
815901
834622
842308
863580
871499
876185
891007
898926
910200
910941
937392
939539
941117
954325
0.0002551078796386719 seconds
Sorted List of Numbers using Quick Sort:
985
33687
35141
60273
66301
70366
79962
89015
89121
98939
100706
103349
105261
110290
137148
147978
149849
152223
162358
169033
178157
178640
184290
215199
215797
228308
235597
242273
245094
251205
256555
275950
278707
280039
285204
306603
318570
327530
327580
346914
358388
372013
372057
378143
404695
411494
435933
456648
464956
466991
489634
507209
513875
527007
540606
542213
556478
566152
568540
573676
593224
594989
599858
606187
608949
624155
638800
639358
647153
653079
687993
693056
700186
706378
714900
715181
715810
723112
723804
735755
756008
758126
762354
793521
794909
796665
815901
834622
842308
863580
871499
876185
891007
898926
910200
910941
937392
939539
941117
954325
0.0005388259887695312 seconds
Sorted List of Numbers using Quick Sort Median:
985
33687
35141
60273
66301
70366
79962
89015
89121
98939
100706
103349
105261
110290
137148
147978
149849
152223
162358
169033
178157
178640
184290
215199
215797
228308
235597
242273
245094
251205
256555
275950
278707
280039
285204
306603
318570
327530
327580
346914
358388
372013
372057
378143
404695
411494
435933
456648
464956
466991
489634
507209
513875
527007
540606
542213
556478
566152
568540
573676
593224
594989
599858
606187
608949
624155
638800
639358
647153
653079
687993
693056
700186
706378
714900
715181
715810
723112
723804
735755
756008
758126
762354
793521
794909
796665
815901
834622
842308
863580
871499
876185
891007
898926
910200
910941
937392
939539
941117
954325
0.00010967254638671875 seconds
Sorted List of Numbers using Selection Sort:
985
33687
35141
60273
66301
70366
79962
89015
89121
98939
100706
103349
105261
110290
137148
147978
149849
152223
162358
169033
178157
178640
184290
215199
215797
228308
235597
242273
245094
251205
256555
275950
278707
280039
285204
306603
318570
327530
327580
346914
358388
372013
372057
378143
404695
411494
435933
456648
464956
466991
489634
507209
513875
527007
540606
542213
556478
566152
568540
573676
593224
594989
599858
606187
608949
624155
638800
639358
647153
653079
687993
693056
700186
706378
714900
715181
715810
723112
723804
735755
756008
758126
762354
793521
794909
796665
815901
834622
842308
863580
871499
876185
891007
898926
910200
910941
937392
939539
941117
954325
0.0004189014434814453 seconds
